$ANSIBLE_VAULT;1.1;AES256
34653532396138636631663862376137653162303763303163363330636337663337353338356133
6133663562373763373766613834666435353531373664660a326233656130396336633466633434
32643336353138356339363664373832303333396435666536656565323939363832353162373639
3935303338353163360a636262633034613530323636336535643730613231623839393130636239
63356662656261633463656235313933396463653234363961303032646136353239333763316135
36316235353034383064383165633630343239643463346561373230316136323730623132343030
39636264393365366265376531316366376630633532333532376537313264663361346430346535
36386631636466663634323136646232316536303937356233653563323466643063643136393530
38636335663831386338633738323233336537623463343034616366643835333039623163363134
37346364323130633734646630383734323731626566356531636631656539656261386136313230
38323539323761656664376434383435303130396332333632336236383762393663376139626166
35626166663866643861643239346330383531363036393834633563653733333039353666306337
39613764333937663262643630376663366263383939616131316564653963623939656162346338
64653434666232636430343663326331656137313037643237306536616262373466663264333931
39653964363130306236656534623737666331633765383130663333353939633063623462666266
61623339613662633563613730653331663536663961336364313861303730636137373231643935
64383430376461613231383930616362386561643331313832356636666638393038316161376661
62326535363761386432643665383434343361396563343365303239646662383131323235346130
66653333313433313830646663363861336133633065343238626264326537333565393637346538
65303834313331333132303536623831656565656366636266393234303232653036386162346532
35303833616130303065303537313065623531326465633333363531623837613237363862633362
38623561393033333936316632633237316439656237613435653738326236383934373132326634
66643832646365373333636430383633643034373932363063366235396565643130613231396433
31343838663865353432383730326134313737396337623731323737373538353039313430326333
39383337323933616462396163363636653764356664643866306335363565323038636631663033
33386336633731616635613065656333623062376332323938363566313336633761386166613737
38663230623262663865346136376331366330643530663166656665616531393161656136653266
32323662656133353330343365313038366261326163336166363363313130306239353462316362
61643839396139326662646462313336623231313362383863333238653634633763613038323265
34393162646534396537346661343636646335306435366332323437333137636665623565316163
30656539646534313262353039313234373136366630636132626530633330373433343464653364
34323835386661653832353839313931306163626137646465653162353335376332326439353034
64626435363463376263633939633339646339323930376165313239613131326564663562623437
39396661333234336638363737613161613662333762386231656330333332643538373665303234
30303237646164396334306232333165333765353033303731376238353839383963303836633233
36373130386433383336636239333430386362383338396134616638373936343063353032643766
65323062386435643533613837616563336138653034356330636436663830643638376635643433
64373831643666366563356639303239623165323533346437313836656139346261303232656232
30373464313966363632643165313339303061343439643034663737353835336164613838346233
33303431623361313463636663633666323864623937303964333363636466326362366133643362
36356539636434323462353833376638386335323461616434356632323637383537333062653261
34363538626136346138653532393834646635393930366636663030613761393233653738626537
35363036386565633434613435383462393433633730313364653130343961363536363732306334
39653965643632636533346233643239643665623439303532663335623034383265383463666635
30623564386236656565386633373930363332643731386638313337623138323261656562336438
35386265326135626134633865396139323435383866313061316438336139343933613034633434
64643565303836366562613362336232303733356233633234386532626362303264626634373131
62366133346662373532663339333439633265326364383262346535373130386436663030323937
31373266646363636230333137373735336163366266363263616634656466343734633837333732
63613831383634366464663934313564646334363233656632353636326330363062393962636461
31343338383264316132626664613066386535633666346335306630353338633036336539646636
30623866636162643734376337386631663961376166343465376635623031383537666362313130
37663666306562653938306434653133353031626236643866313938393431313935323766626136
33383065663132366661653938313639306134643765346539393131346163376165303439303830
61373763306265306465636536643761386566383337306364663037346239333961363935666464
36306464346131396635353639653963353138323131346364613735356566383939313533393439
62333838303835373436623065646335396238643362326166613165613864636163346136353334
33653465303064616265343333396131643062373837303538623065363637653063353762643764
65373664306664383538323765616537653838303666643166313733386435623531616663616663
38623634323164333366633037663633306134643035656637663237393934333361393065333161
36383134316266386262623137306530313737623533316662626136383864343732353338326232
31646562633937666135666164383732633533343966306630303532636238343166636364313734
64306665663639393030613034353239613661636435396162383361333836343639326536306562
38343739363863313933373634306133316433336262343235643538323338656437343633313330
31613565653339326133306632333535653933613931323034653335343436343665656136633833
32636636343233613938353739383961303665353363616134346235306636353439323937303036
37363765353766623261383532393265616631666666653132663530393030656634626662313266
64613835376132373565636135613965623966366639666331303830363966343266376437326630
66653166313233663037343666656161353462626362663239326634343661366133353031663061
37353231623236376535306161353433366536666237646262666663643534613931343231623034
34353232326261346566386562626365373335353966363830373166646631663436626366303137
36313935303331326465373438323735663530633231613534333164396331653964313738623638
33623662616633356334643166663630333966663732376662666462356431303032636231666662
31666437306664643338396463646663383733373834396463633738626565316364363361623735
63626137663332386231333338636362323130656665663666383261366530383532653238663332
39336338636635616132383931653235656666326230353334656436313131363833646531666334
65343734303635353533646335386437356563333836303832636162333430666132646436616463
66653662636463626461666663663366383232626331616633383931616137306137366239626537
34363137663765636166393537613837326564376633646334363333353931626139336536363761
66386431313032303435393833363231323162386333626538383933323961393165373561643239
31663031633961356264363664323566386563636661383932363762363636373664653936663739
61343262643030383337616439366265323863616365623233343839323439643461353764313530
30396162663265333339323933383137613437393364653661646337623839636631616138623161
31346361383837643962303430613965376630386137663539613934383133353730366665346262
63343166633833333665613166386265353661646232616430313065303761363435393861646137
33306163346139333963386165633432643231633061356366383937623063656139653532656565
34643964386333363236353562653164303433663832353164666134343730303731316565333533
36396536613634356439
