$ANSIBLE_VAULT;1.1;AES256
30656164613534353130646333316137313063633761316132373939396533346633363039336239
3165633534363632366531316135636339633234626563630a613938313165633465393633383534
65373033343730373263333161616164343462346366396666666164663031663265633736326531
6663303163653734330a643835373337656539363230333063316464316164633439396135663431
62656132396266356266393132346664306230643339343962306162373034393339616131303332
37656139383939306136613564383531346465333730303765323963656139313463383434613532
65646435666366363564326337366332616539393466336566663731326436366633343437623137
38316436363036383164643462393037306239656339373562323866663864356330363266313335
31636434313864623737633430383738343937306237396664336531666363323663613161383131
61366435393764626538633362333061313730326663653063623136373763643030373064313138
32633664393861333431393931616561356263633166656632623163353136333261313562633363
64353562346133356361303361623264623536656661646432313634313230356266623734343439
33346332383430326433336433333163633636353132383930373834656533643333643436616430
39376331303161663038393339303532363930333239623534366231636531306137336538353039
32333031376533363730626137636661386365626663383539346563356533633663366464333464
66306562636233303538393564363662613862376430633632393966643832313032633961353862
36346466323162653938613233343261393830653464623366633334656237363638326238333833
61396234326331323463363637316134336461633961323364643337326638393066336664653635
64623866326130613365373866666362323839356265616266396239666333636532346638376537
30303364373234623930393136656164376233303032356262323661306132313662666137303636
61636130356264326436653763363730656432636638336266623532316433323632316163353063
33313137393934613130613466633065386139303738393038653337623938303664663231626266
36663562346334376463333737316563643234346666313265346566633763323033646263343130
64393538333135356638363163343532333433313264663834346365636539383635623363626265
32643439643265343164656265363934383037343835623435396264343335383064363163646531
63643730343237333465323530386130363335616562653130663532666237343063656162343530
66313862626661353235623734346639346531353362626239613530363632663734306538626465
63376530626632386662396630343939393231326336626436666331343737393561613033323162
66623261636335373838633437386363393339336535353930383135356563613932326333613035
33633364613531643138396132633130366630333637333333396237323166393433303265653566
36653366356164356462356366663538643330663736306261643634333864363532386136313735
64633330323964343236366230373038313432323065636164386431333134633465663263306661
34386235353562333239303639623732306338333838353830646134653766333466376337343436
33353633336665666265383466366264616330633765633837353733353431366164376564323462
61613033363033643562616132663535313465613339366663613564633830663163373965633466
30626535313038616264643539333532643339326339363636316333323363386461656232626234
39636566333135643362323632333432306464623030616536303734663835386537643861393662
38343837383836396332633162376532316230323230346361653561363335663633383931393663
63656638353032383130353631356565636339666336653862313363626666306238313932636631
39666266613433376436363465393961376531316663316365353930343664323436613435663331
62653866383035653034313164613733643863643536623439323566373965356530316664623034
31646337633330306233643632613261313732393563663666386438386336643563316638383439
39666433356230626462393839316436626263343633323530653636636534316362656666626435
66663531393162373532616561626335633638633363626637663366363661373436643638363130
33393266323463333135343366646637373836633838623863613438303630356363646232396230
39333536316563653335633932353530626636383738663336363031393564366562663233313733
34366361383464366364316338633963373162623865633461626632623564376431633337393963
39616431613965386131623265383930356636623064303964633563666537333666646333326365
32333936346463646239383763313161613064353663623662613061613230383566303465386230
33333436616135336264643964323737353636343161643933313838613839633465366131626639
37626531653763306230363961663336386564346135306564643963386262396232396261616534
36313535643763623263336430346535363636316236386663386133386536653431333261666462
37346337653031616530336430353562343437636533303533336532613463353231666239396435
35396136306137376666306136386262323431373137666161613563353532313236353266646434
36373931313839366364373733383335313064383034303762313361313932626335396334366439
65353563396165336330363131636165653832316562303936633339636565396661363530303739
38646266656438376137656538616464656261386664336532313639373138316564666162616231
39386337323066363262633930653830353638363534393065616133646537643438363261393136
63663030333037623635316438613763383163646131393365613437633030356635376631373764
62616463663564646632326262376566656333653938646661306237383131616365623037383361
32393739656566366236646364663739346663653335623563376439363361396337626533393666
30663565373430623132333032663634383061376466353031616461656666373934623539363365
65343164386265613038373966643966623031616234613732383938383566353361376664333332
66363133636662383935363239623831323834333638613161316162373630313666303266306232
37623337373433643335643662353532643734373235353762646264643039323039326462636666
32393464393063613966363366373935653463356232616634633535633635353038313963656632
63316131346465643262343534633761396562346339346535373665643265333433666561633335
37666465393566383132303039663333313235356164373035613130316530653530643363323536
64316163623766323063623865373065636363653562316335386430353861336438616239616339
65646438313065663237313739663832623461633561333232383965383032336130316363393262
38396564616163353838346539353363613532383064636532353766663863306462393764306632
38366463623533326630613266376363353363613630666131376539656362386364326430323635
65626362386363633034323063386338376661386134623330636664653733376631626637383236
62383064336334373561333063626238383637333863383730376635323535613837623334373630
65616231613730363561643964363239653439646631373466616631363536366664633036356165
32316336396631643238346562646633356432363164346535316132323531636165613165316361
36353435623066323463363634343665646433356630356530643235633239656339303634393433
35363762393439613532323139363733653565386335363631616336386139613934633561346130
66353432616139356234346661333832393631333334333437353561303436363332333636326633
34303731653636393063383838633033353062366162383135626132653764353362393162656366
32646630643864383164633830306634353264326531326439303430363463636565613431373933
66313732336438323438326639626638393831323739633839616136356163356130323037616266
32666233646632326332353639633735356634663838346636326235376230313265613434326339
31306539356132303465363730663436333265316365643663323736363463313933613865386365
35346637376136333465313335373832326130343933356635353665616431393462316439626564
62633963613637646437363033373133333363366338646534356461323336616566366231386361
38306564363030386434636435616262303365373763623137353763316234333434646137386139
62363765623436643938
